[1.2994831305532861, 0.7018269911254255, 0.7619084518279147, 1.6839060389954221, 0.4641339925113609, 0.34473686507658385, 3.7216276330344398]
[1.5440872487512627, 1.7373291936368722, 0.5523857642402971, 1.8213837673822197, 0.16752649167060735, 0.05080711203711119, 13.304537086770608]
[2.498510969867443, 6.598360585274294, 0.28126596362265144, 2.2915462452761544, 0.11446789704397593, 0.02558357567249884, 61.903904180416006]
[4.246126511422176, 11.783550328706214, 0.16432344259856807, 2.742760419006374, 0.022003590890248954, 0.006585215376482155, 102.31954669945841]
[2.052089723535403, 5.956725259935072, 0.032473622753737316, 0.6794840542560598, 0.0015519660367992296, 0.0002043853959771391, 39.17815442593962]
[2.0687582318470614, 8.610081647664341, 0.013135664685395208, 0.2835523397580833, 0.0006085144170361944, 5.2110582379530506e-05, 71.47585549311597]
[1.01419430858034, 6.577682150535632, 0.0011206460523006689, 0.08718552794568601, 0.00012705170498810477, 8.960947589472095e-08, 59.82852637734901]
[1.241398873313864, 5.663310644507152, 0.00012289218979391644, 0.04445700249694416, 9.84147805122157e-06, 6.31149756344261e-08, 37.31161575393993]
[1.4556778746586871, 11.600780731742194, 3.412182286363181e-06, 0.0028916202891687785, 7.241475385580787e-08, 4.751318518747202e-12, 115.4663580488291]

nums_of_runs = 100
    times_to_bet = 100
    initial_money = 1
    betsize_percentage = 0.05
    nums_of_strategies = 9
    to_plot = True
    log_scale = False