[1.7741467785779363, 0.6464046848238783, 1.2551156418208391, 2.1003332506320644, 0.9325694097118761, 0.6929128081526202, 4.28444321554962]
[3.049120729134088, 1.9044949681237007, 1.6735454842421318, 4.162208153893191, 0.9238070105935878, 0.47110475195878526, 11.205147384260373]
[5.595061608317783, 6.133878428312913, 1.9835694083252728, 6.511724150606721, 0.91597963126799, 0.6042251647403224, 38.73190733479588]
[10.725178810111128, 34.126784896940784, 1.3782111139233189, 8.534096774421716, 0.4542815274872837, 0.14973882022232834, 327.2210203260893]
[23.91315448518545, 64.48325917636434, 1.4244141596308517, 13.926102552273104, 0.21659603740930966, 0.11949210438302017, 447.3479903501007]
[43.48799052405618, 145.30973652394397, 1.2822917648825118, 22.307594933290915, 0.2729404013130051, 0.03204191051702063, 1275.7907143336329]
[79.27314485403205, 408.1427634097033, 1.0881788738206846, 20.12226838982343, 0.3581314984189804, 0.029380726912985516, 3947.311014336593]
[30.065801990359493, 91.02806564259858, 0.5403639369270743, 17.803750429136453, 0.05845176523395596, 0.006322792150777091, 687.5886357888168]
[64.87902755906111, 417.1569485970273, 0.2681658866406074, 23.446971831412668, 0.018339757621661044, 0.003667647836261662, 4192.174094235921]
[113.51255749248475, 620.4831118919501, 0.2100588828907479, 13.674060457082778, 0.012980858686862844, 0.0011939481144094904, 5329.573009449343]
[30.749087356055966, 117.36529821009343, 0.20066312987145066, 10.321717225066916, 0.0013056489869755477, 8.49542852382677e-06, 1023.8831464754745]
[143.49689559535744, 774.3593650922224, 0.07513147776589581, 7.048433866826552, 0.0008008500977577861, 0.00024240000706212309, 7217.728420917818]
[950.8606684468255, 8225.664906965469, 0.03162657919653869, 4.351800719135116, 0.0008399033820624667, 2.2305216344016707e-05, 82395.32260808653]
[57.403890842711114, 363.0688705726197, 0.009087288703161774, 3.2102637964693286, 0.0005559686817670857, 7.281511424808772e-08, 3467.374216618082]
[365.282296538306, 2579.381603739579, 0.00555627986246056, 4.054739338694005, 3.4066517957549926e-05, 3.0986448869966578e-06, 24107.557649911974]
[17.253212974965958, 59.66367712837593, 0.0012713901999162874, 0.5557503480761196, 2.9085596545983093e-06, 9.163388202229552e-09, 334.5489114743509]


nums_of_runs = 100
    times_to_bet = 1000
    initial_money = 1
    betsize_percentage = 0.01
    nums_of_strategies = 16
    to_plot = True
    log_scale = True