[1.3014386736436714, 0.7342230448063239, 0.7619084518279149, 1.68390603899542, 0.4641339925113608, 0.344736865076584, 4.537709439355927]
[1.588463068489498, 2.1974507869554643, 0.4527752165904071, 1.8213837673822186, 0.20438231983814076, 0.061984676685275686, 16.23153524586016]
[2.5170712266180812, 5.344497397289896, 0.3795436003237425, 1.6981816115821549, 0.06286294454832143, 0.034522777995713134, 33.99609669008844]
[3.1750446588232006, 8.717463086394233, 0.10991534621977796, 2.742760419006374, 0.022003590890248954, 0.009844896987840829, 68.44116836084167]
[2.3719246227866395, 6.599110294588249, 0.01956242334562492, 1.8723862599079972, 0.002576263621086717, 0.0009349192992766423, 39.17815442593966]
[24.52621139624123, 173.7125778116743, 0.013135664685395208, 0.2835523397580834, 0.0003291809056610013, 9.633013371301776e-05, 1542.909821976314]
[6.3591245834347925, 52.809803470423574, 0.0005423826760948883, 0.08718552794568604, 1.4404312322561493e-05, 7.903908524450961e-07, 527.711154336889]
[0.6746639177120933, 3.8484082771506243, 5.297077146289498e-05, 0.019162501076269073, 7.881273040629847e-07, 2.7204730876907767e-08, 37.31161575393993]
[3.2249323136862387, 30.12714178424017, 3.412182286363177e-06, 0.001103671866094954, 7.241475385580789e-08, 8.545117120103134e-11, 302.52185808793234]

nums_of_runs = 100
    times_to_bet = 100
    initial_money = 1
    betsize_percentage = 0.05
    nums_of_strategies = 9
    to_plot = True
    log_scale = True