1.3373660778543417, 0.2077123706941933, 1.1683106240940824, 1.5113053803059968, 1.047757807497807, 0.912145645109653, 1.8605755241719382]
[1.7237164641780862, 0.5578369446151314, 1.3058223137504, 2.1003332506320636, 0.9702452138642371, 0.7500311076203119, 4.284443215549616]
[2.207203198171137, 0.9516561838792954, 1.4817566785957603, 2.8484483613144853, 1.068713178348883, 0.6260880678161437, 5.810890179027234]
[3.2791090670525604, 2.087131947395669, 1.608547052331591, 4.162208153893196, 1.2190106824033906, 0.4528076274221369, 12.12900221901552]
[3.5345494043028776, 2.517266449561331, 1.468685514910641, 4.820644889193766, 0.734219564920301, 0.5454838170506501, 11.755399345518759]
[5.658575025979539, 5.9703301110217915, 1.983569408325271, 7.333661392867662, 0.8133190730884352, 0.19532716444449572, 27.114044610441244]
[6.606817136762999, 6.587519850728408, 1.7764036767682032, 10.05823890638147, 0.6727794300710491, 0.3137338506479027, 32.70005925889838]
[10.029012869324365, 20.54529559242911, 2.217599821146237, 10.000307938372211, 0.7309581412662239, 0.3056226606793466, 187.86499242471456]
[11.20561966064151, 18.10211118886566, 2.1938239710127996, 13.060994936970424, 0.4404582432724574, 0.06189460709356649, 121.4631012612999]
[19.13918822996749, 52.68294684637607, 2.581948524538622, 15.377349028773171, 0.6444974731330894, 0.06592162617869245, 493.96635987079594]
[33.5603459035638, 122.02231431457736, 1.2892170086435837, 15.84093217854567, 0.43316171696709777, 0.1455372305732242, 1114.5947129907179]
[24.377288531417552, 70.8460842980525, 0.8972812984242271, 13.858251343291315, 0.21512736992332146, 0.08302464656260232, 624.6877112971284]
[34.765820335482935, 111.32469611249388, 1.6427586629721598, 24.645196308793796, 0.20866662520180332, 0.010746805272294149, 1037.4118023269384]
[17.320025443215265, 45.621043797583845, 0.947039446615415, 10.046524110475355, 0.23607274825625402, 0.07769410811299314, 372.0947859706461]
[151.4689184329083, 1084.1740043628597, 1.4225219371700102, 27.9425021602531, 0.11319665668331469, 0.012131901049515422, 10781.468900743297]
[43.08168863481601, 136.09885724914878, 1.0201277568852969, 20.869091807370417, 0.28623197669167655, 0.030962029774187275, 944.7410665001122]


 nums_of_runs = 100
    times_to_bet = 1000
    initial_money = 1
    betsize_percentage = 0.005
    nums_of_strategies = 16
    to_plot = True
    log_scale = True