[16.9193395624443, 8.875143927215367, 10.88337416316466, 21.127487202162403, 6.313591208292779, 2.6946144078464425, 64.67275270602047]
[256.1272760411209, 289.2552586261951, 89.13672165260918, 310.36123987950566, 33.77911296364153, 7.958582126642226, 2532.1281708576166]
[4716.9900033862, 13769.870049938994, 565.9587174962431, 3788.578286807047, 117.22195773368496, 7.851973975206024, 273075.14200964826]
[57716.86829365668, 164054.6323032652, 2651.1483424348403, 42432.303260607514, 411.96253985334977, 26.779280283515924, 2228803.1698583704]
[1548819.4256087316, 17487617.723883256, 11392.096034954784, 284827.02578415617, 911.4417923708844, 46.69690703875333, 529295186.89741075]
[21925823.478695445, 263475494.4580115, 29620.6740447201, 1685932.3851138912, 1516.9576437640906, 65.00019856140197, 5796195359.874309]
[120085156.32582632, 893218201.0257956, 74960.82020356707, 8374149.32833288, 2035.3323722101395, 9.106193103908252, 16066997905.710306]
[2937397824.176017, 64689871398.136185, 192092.64890919175, 28344497.49401503, 3949.5116494170684, 1.2158978389013437, 2026764881850.1265]
[842906846040.7716, 23978217625350.535, 186842.8726791622, 80484042.18541908, 3086.7056981102533, 0.6446387778607964, 756275675503728.5]
[23152576178.157406, 353812809540.74274, 257651.26759082166, 218052123.77905777, 2441.146182411688, 2.612244758866901, 10745226081916.137]
[244839295276.9562, 3883499201756.2764, 289120.64060654526, 480923086.4593975, 995.3231500350383, 0.020350360223836773, 87072052492797.89]
[6250068165840.275, 146398608007677.0, 145568.95854205295, 604079790.9592432, 427.022641252121, 0.1470562907657145, 4522127655456243.0]

nums_of_runs = 1000
    times_to_bet = 10000
    initial_money = 1
    betsize_percentage = 0.005
    nums_of_strategies = 12
    to_plot = True
    log_scale = True